cam0:
  camera_model: pinhole
  distortion_coeffs: [0.023584346301328347, -0.006764098468377487, 0.010259071387776937,
    -0.0037561745737771414]
  cam_overlaps: []
  distortion_model: equidistant
  intrinsics: [743.4286936207343, 743.5545205462922, 618.7186883884866, 506.7275058699658]
  resolution: [1280, 1024]
  rostopic: /cam0/image_raw
